% 跟随者个数
n = 2;

% 邻接矩阵
A1 =  [ 0  1  0;
        0  0  2
        0  0  0];

A2 =  [ 0  1  0;
        0  0  2
        0  0  0];

% 拉普拉斯矩阵
L1 = [ 1 -1  0;
       0  2 -2
       0  0  0];
   
L2 = [ 1 -1  0;
       0  2 -2
       0  0  0];

% 时变基准算法
r = 5;             % 收敛的速度

% 初始状态
x_initial = [0;
             10;
             5];
